k 2 3 K 1 1: 2 3 3 3
K 3 3 b 1 2 k 3 1: 1 2 2 1 3 3 4 3
k 2 1 b 1 3 n 1 4 N 4 2 K 3 3: 3 3 4 4 1 4 2 2
k 4 4 r 8 2 B 1 1 K 4 7: 8 2 2 2 1 1 3 3
k 1 1 K 4 4 q 2 2 Q 3 3: 2 2 3 3 4 4 3 3
b 4 1 n 4 2 q 1 4 R 1 1 K 2 2 k 4 4: 1 4 1 1 2 2 1 2
k 4 4 K 1 1 R 4 2 N 2 1 n 3 4 n 4 3 r 4 1 B 2 2: 1 1 1 2
B 4 1 k 1 5 N 4 2 Q 3 2 r 1 1 K 5 1 q 3 3: 1 5 1 4 4 2 2 3 3 3 2 3
b 2 1 K 8 8 n 5 2 q 2 3 R 1 1 k 5 5 q 1 4: 2 1 5 3
K 5 1 b 4 1 B 3 3 n 2 3 N 1 4 k 5 4 r 2 2: 2 2 5 2 1 4 2 2
k 1 1 K 7 7 n 1 7 N 7 1 R 3 3 r 4 4: 4 4 4 3 3 3 4 3 
q 1 7 Q 2 5 K 3 6 k 4 4 b 7 2 n 7 7 N 5 7 r 6 3: 7 2 3 6 4 4 3 3 1 7 5 7 5 7 1 7
N 1 1 N 1 6 n 7 6 n 8 3 r 5 8 r 4 4 R 6 2 R 2 7 b 3 4 b 2 1 B 8 8 B 4 6 k 1 5 K 7 7: 1 5 1 6 8 8 7 7 6 6 6 2 6 8 4 4
N 8 8 N 1 1 n 1 5 n 5 1 r 6 6 r 4 4 R 3 3 R 2 2 b 8 4 b 7 4 B 7 6 B 8 6 k 1 8 K 8 1: 8 6 2 8 2 2 2 8 1 5 2 3 1 8 2 8 2 8 2 7
b 3 3 r 4 6 Q 7 4 N 1 8 k 2 1 R 8 7 K 6 5 B 5 2: 7 4 7 6 4 6 7 6 6 5 7 6
n 1 1 q 2 3 K 8 8 r 6 7 R 3 5 k 1 8 Q 4 3 N 8 6 n 4 8 q 8 5 r 6 6: 4 8 8 7 6 6 6 8 1 8 1 8 6 7 8 7
b 8 3 B 2 7 b 2 3 B 7 5 n 6 1 N 8 6 n 3 1 N 2 8 r 1 7 R 1 3 r 4 4 R 5 8 q 6 6 Q 8 5 k 8 8 K 1 1: 1 7 1 8 4 4 8 4 6 6 5 5 8 8 8 8 1 1 1 2
r 1 1 r 1 3 R 7 8 K 6 8 R 3 3 n 4 8 n 5 7 N 8 8 N 2 7 k 6 1: 6 1 6 2 1 3 8 3 8 3 3 3
k 4 4 K 1 1 Q 1 4 R 1 3 r 3 1: 1 1 1 2
k 4 4 K 1 1 Q 1 4 R 1 3 r 3 1: 1 2 1 1 1 4 2 4
k 4 4 Q 1 4 R 1 3 r 1 3: 1 2 1 1 1 4 2 4
b 4 1 K 1 5 n 4 2 q 3 2 R 1 1 k 5 1 Q 3 3 p 2 3 p 4 3 b 3 1 P 2 2: 2 3 2 4 3 3 6 6
b 4 1 K 1 5 n 4 2 q 3 2 R 1 1 k 5 1 Q 3 3 p 2 3 p 4 3 b 3 1 P 2 2: 2 3 2 4 3 3 2 4 3 2 2 2 2 4 5 4 4 2 5 4
